0 0.005862408999746549
786432 0.07933985300041968
605184 0.0730622470000526
836608 0.061483025001507485
399360 0.08004669599904446
10240 0.02016950100005488
710656 0.06835881000006339
246784 0.0900235530007194
514048 0.06101535299967509
622592 0.05673287700119545
270336 0.06135810100022354
207872 0.07435016599993105
530432 0.062145104000592255
496640 0.05584097999962978
826368 0.06041586500032281
650240 0.09111407899945334
1026048 0.0907994190001773
14336 0.0412706139995862
120832 0.08806372700018983
953344 0.06800446899978851
147456 0.066588880999916
326656 0.09348665699872072
38912 0.01831904000027862
573440 0.07214917300007073
126976 0.07473709900114045
765952 0.06634167899937893
62464 0.051473466999595985
430080 0.10934299899963662
940032 0.2035430810010439
371712 0.07181298600153241
541696 0.10833978700065927
911360 0.06415702699996473
250880 0.08728625000003376
666624 0.09611113599930832
631808 0.08302326899865875
898048 0.07460254699981306
358400 0.08704045599915844
847872 0.0862162220000755
394240 0.07357514399882348
787456 0.08035469300011755
113664 0.08736157299972547
193536 0.06584278300033475
282624 0.05434175800110097
283648 0.060788098999182694
935936 0.08409339899844781
798720 0.08259063999867067
4096 0.04350472300029651
657408 0.11168163399997866
116736 0.07241405700005998
61440 0.03922506700109807
868352 0.09885592200043902
615424 0.16919199400035723
117760 0.06282097099938255
865280 0.06360125499850255
226304 0.07603754900083004
773120 0.09777757600022596
242688 0.08355493499948352
433152 0.07556115000079444
611328 0.09906774700175447
942080 0.05945689999862225
693248 0.11831877199983865
702464 0.0677747530007764
134144 0.06653729200115777
230400 0.06834194300063245
984064 0.09288985500097624
317440 0.09053097900141438
813056 0.05832155300049635
494592 0.07707372799995937
852992 0.16372160100036126
131072 0.09822621399871423
829440 0.10485368599984213
946176 0.05686764900019625
135168 0.07672313100010797
449536 0.09278272099982132
806912 0.06949237600019842
80896 0.09949049900023965
129024 0.06856254299964348
53248 0.03878272399924754
465920 0.07606404299986025
771072 0.08180889200048114
214016 0.12698610900042695
583680 0.09053272799974366
1005568 0.09631810700011556
480256 0.1102408850001666
295936 0.08231122700090054
603136 0.053766675999213476
247808 0.04485976400064828
253952 0.07270645899916417
250880 0.07878852399880998
1012736 0.11111084399999527
966656 0.07462961800047196
84992 0.049460141999588814
553984 0.08190349700089428
41984 0.04038911600036954
916480 0.09006082300038543
274432 0.061963842999830376
569344 0.06124879100025282
108544 0.08389538299888954
95232 0.07860581999921123
696320 0.07845390100010263
238592 0.10676140899886377
836608 0.06407918500008236
801792 0.07811378499900457
870400 0.082518794999487
1047552 0.08743572099956509
547840 0.07087307400070131
517120 0.1041631160005636
562176 0.08331912500034377
82944 0.04817347499920288
738304 0.11498203399969498
698368 0.07291930500105082
973824 0.06031427299967618
405504 0.07487708299959195
534528 0.08806814899980964
301056 0.0929103340004076
914432 0.10160418700070295
579584 0.0823038180005824
866304 0.11378237300050387
980992 0.05901402099880215
891904 0.06224106499939808
350208 0.06811066499903973
354304 0.10316546400099469
308224 0.07123056300042663
693248 0.06691573200077983
371712 0.08752892199845519
533504 0.0652449749995867
180224 0.11580928399962431
948224 0.06852413500018883
1005568 0.08015501199952269
223232 0.05927337700086355
889856 0.08845936100078688
643072 0.08444716000121844
631808 0.05323715099984838
666624 0.08415053300086583
666624 0.09092317999966326
560128 0.08211777699943923
333824 0.12159095000060915
505856 0.09143017699898337
978944 0.07607814299990423
975872 0.0775677599995106
237568 0.05686224100099935
1012736 0.07556569500047772
32768 0.04193427600148425
271360 0.0689629899989086
228352 0.09470390499882342
47104 0.03088891800143756
1032192 0.09399789900089672
474112 0.12654324499999348
692224 0.079596360999858
686080 0.08144605900088209
258048 0.09472629799893184
972800 0.10547059300006367
924672 0.0822408580006595
400384 0.16078803700111166
230400 0.08825948499907099
912384 0.09734116899926448
512000 0.08447265500035428
1026048 0.1117053069992835
282624 0.09019346499917447
534528 0.04967147199931787
61440 0.028553173999171122
947200 0.07863911899949017
164864 0.09144458300033875
224256 0.08710244600115402
728064 0.10212910100017325
460800 0.09094915600144304
154624 0.07467465399895445
923648 0.10004075799952261
338944 0.05766770899936091
348160 0.0853304920001392
749568 0.05155291100163595
242688 0.07594140699984564
141312 0.09986010300053749
500736 0.07203260500136821
1019904 0.07191311300084635
683008 0.0798266709989548
674816 0.08942247399863845
551936 0.053191539000181365
607232 0.07389986899943324
944128 0.05908087100033299
653312 0.09305834200131358
551936 0.07991384399974777
103424 0.08030263099863078
685056 0.08053576599922962
635904 0.13755388100071286
234496 0.06355985099980899
1015808 0.06459789800101134
975872 0.07847897899955569
854016 0.07076796799992735
909312 0.09396180600015214
203776 0.09320121599921549
129024 0.05511793700134149
960512 0.0807213509997382
987136 0.05590696100080095
850944 0.07016276399917842
356352 0.09022868099964398
619520 0.05439787799878104
615424 0.07350400100040133
583680 0.10434385900043708
707584 0.07345476400041662
852992 0.10530366499915544
112640 0.0690432929986855
69632 0.017670827999609173
727040 0.05732198600162519
444416 0.08213256300041394
997376 0.087928484999793
401408 0.05194882100113318
500736 0.08181694999984757
180224 0.07608130700100446
555008 0.06951835300060338
269312 0.12657509400014533
57344 0.03662141499989957
709632 0.09184818199901201
966656 0.08811757100011164
1012736 0.07768370899975707
377856 0.07954246100052842
311296 0.05047092899985728
275456 0.09527933400022448
475136 0.08719303799989575
231424 0.057684686998982215
798720 0.08317521099888836
297984 0.0664865960006864
449536 0.06660959500004537
447488 0.0699306210008217
205824 0.11757260500053235
490496 0.06414003099962429
1013760 0.08868759299912199
590848 0.08709927699965192
914432 0.05002101100035361
829440 0.06590142200002447
3072 0.035380321998673026
516096 0.08830413199939358
322560 0.14422711999941384
717824 0.10073048100093729
967680 0.07793674200001988
975872 0.08343143499951111
350208 0.10800727399873722
917504 0.07915147800122213
896000 0.048648078000042005
760832 0.07177671899989946
616448 0.08087205999981961
552960 0.10456865900050616
280576 0.101772764000998
634880 0.05865041300057783
628736 0.0687120889997459
1002496 0.08640731300147309
94208 0.05753225700027542
333824 0.07632002299942542
679936 0.05361736700069741
1002496 0.07988320299955376
100352 0.07853212500049267
803840 0.11636710499988112
989184 0.06499656499909179
918528 0.10919223100063391
834560 0.09244799499902001
435200 0.06888122599957569
97280 0.08692794400121784
221184 0.08949753100023372
84992 0.0752811339989421
620544 0.08841951300018991
587776 0.05671283000083349
540672 0.14426661200013768
483328 0.07793679899987183
521216 0.0928561050004646
601088 0.08923315200081561
98304 0.07974272200044652
428032 0.053405778999149334
948224 0.09017717099959555
290816 0.08251893299893709
801792 0.08102842600055737
805888 0.06255158699968888
977920 0.0842095629996038
906240 0.07453232099942397
273408 0.09446254599970416
793600 0.06837949799955823
358400 0.12454036999952223
620544 0.07057631099996797
14336 0.037831375000678236
868352 0.08014126899979601
270336 0.07564097399881575
585728 0.06990789399969799
789504 0.07149800000115647
683008 0.0850044609996985
137216 0.06554442899869173
949248 0.0550396210001054
449536 0.07532846100002644
574464 0.09346437199928914
461824 0.06935975499982305
448512 0.0906976719998056
709632 0.08332261699979426
121856 0.06945939800061751
31744 0.04173097700004291
741376 0.07231864500135998
11264 0.020273974998417543
460800 0.05154175800089433
931840 0.07597406300010334
1005568 0.07639597199886339
523264 0.08330510399900959
260096 0.07272902299882844
187392 0.0622910830006731
736256 0.08315993299947877
310272 0.08406449100039026
4096 0.04145133400015766
41984 0.044522814998344984
966656 0.05853839200062794
861184 0.08283231699897442
992256 0.07357022200085339
750592 0.06192056400141155
361472 0.0692941540000902
984064 0.07880218700120167
507904 0.08379702400088718
916480 0.07182986299994809
479232 0.08808376899833092
396288 0.07257276299969817
1003520 0.06012963500143087
993280 0.05075931299870717
631808 0.08528007299901219
191488 0.08932152499983204
26624 0.03305333000025712
460800 0.08449496499997622
152576 0.05336116199941898
164864 0.08509978099937143
672768 0.07826707399908628
19456 0.039816209000491654
70656 0.0240040870012308
399360 0.10717567400024564
180224 0.07809194899891736
943104 0.047872178998659365
113664 0.10806660799971723
912384 0.07136422300027334
604160 0.0810466050006653
76800 0.12156146500092291
793600 0.09153829499882704
552960 0.07691762099966581
114688 0.06087741300143534
561152 0.053994828998838784
205824 0.05846014899907459
496640 0.060072170999774244
373760 0.0720811790015432
332800 0.0775320759985334
484352 0.09377045700057351
502784 0.08868884799994703
454656 0.07136233699930017
680960 0.07271064300039143
472064 0.11655703499855008
135168 0.0915900550007791
888832 0.05384152100123174
323584 0.04545525899993663
547840 0.08629635899887944
588800 0.05414527899847599
519168 0.058240734000719385
172032 0.09160739599974477
892928 0.12301868500071578
760832 0.07983352599876525
510976 0.09566453600018576
839680 0.0682415259998379
302080 0.0568227730000217
900096 0.06209473700073431
450560 0.11027862799892318
1006592 0.06059378600002674
1014784 0.10229429100036214
863232 0.12758543199925043
1022976 0.08175958399988303
601088 0.10780776499996136
232448 0.07363589600026899
761856 0.126946393000253
103424 0.10140873499949521
932864 0.3095491130006849
784384 0.09603739300109737
432128 0.07346494000012171
349184 0.07943151000108628
891904 0.13083331999951042
809984 0.05542913600038446
25600 0.04144062699924689
409600 0.0699148570001853
766976 0.06853929399949266
456704 0.06997040899841522
446464 0.13179466700057674
953344 0.10301724599958106
149504 0.08433116999913182
339968 0.07343219100039278
977920 0.0829141129997879
892928 0.08492047199979424
735232 0.053045135999127524
228352 0.10068670399959956
980992 0.09011045499937609
649216 0.0855198509998445
353280 0.10859182200147188
893952 0.08367741799884243
589824 0.08275276099993789
754688 0.07050935000006575
350208 0.08004544399955194
63488 0.05121942200094054
365568 0.08559983099985402
906240 0.07925576799971168
95232 0.07795774199985317
775168 0.05364921500040509
1026048 0.09960388500076078
477184 0.0721180459986499
252928 0.10496032999981253
834560 0.08692421399973682
997376 0.0677731939995283
726016 0.10835520000000542
478208 0.09098210000047402
171008 0.07719496299978346
89088 0.13043850000030943
569344 0.08800878199872386
1025024 0.08972999399884429
729088 0.07935230800103454
661504 0.08429261099990981
565248 0.05695117600043886
797696 0.06673608399978548
385024 0.05280279200087534
971776 0.09457393500088074
398336 0.08668988499994157
831488 0.07913237799948547
1041408 0.11848655300127575
338944 0.06654068600073515
73728 0.06820301200059475
581632 0.09239975600030448
55296 0.054474455000672606
605184 0.07728025100004743
581632 0.04997934299899498
1021952 0.1041301260011096
291840 0.06808314099907875
396288 0.07018518599943491
618496 0.09348541500003194
948224 0.0719993170005182
954368 0.09450783100146509
593920 0.05176372100140725
926720 0.09440866500153788
736256 0.11964144000012311
909312 0.06275062799977604
136192 0.08447043799969833
393216 0.060406190999856335
905216 0.08230683500005398
807936 0.11816188400007377
747520 0.07228193199989619
350208 0.17425918499975523
516096 0.1176046700002189
507904 0.04839692899986403
464896 0.09945816999970702
871424 0.14751136800077802
98304 0.07397799299906183
867328 0.06446579799921892
277504 0.0729307460005657
303104 0.08922932399946149
795648 0.06897629800005234
993280 0.08124169000075199
586752 0.11336516700066568
501760 0.06550647699987167
299008 0.13271429799897305
855040 0.08046824799930619
965632 0.08386433799933002
113664 0.09825062200070533
937984 0.07757818500067515
735232 0.056605330000820686
722944 0.08518422999986797
546816 0.08245702000021993
798720 0.0751599070008524
441344 0.0993323419988883
171008 0.07406563400036248
789504 0.06318120600008115
52224 0.0340448330007348
1031168 0.10505346700119844
181248 0.05237350300012622
701440 0.08297487300114881
183296 0.05589466699893819
980992 0.11593530000027386
770048 0.09041716499996255
935936 0.1322970040000655
78848 0.07926587800102425
222208 0.08211065200157464
187392 0.06240176900064398
480256 0.08479373000045598
52224 0.02640187299948593
667648 0.06855098100095347
647168 0.08417170399843599
660480 0.08467139800086443
343040 0.09887277400048333
670720 0.08715572000073735
923648 0.08064775300044857
909312 0.06363581500045257
60416 0.09477180400062934
601088 0.08647860800010676
823296 0.06792582600064634
824320 0.10421964000124717
1044480 0.10860431699984474
230400 0.11933283700091124
943104 0.1128128590007691
91136 0.08627872000033676
161792 0.08028212399949552
177152 0.05453068099996017
615424 0.09056611799860548
287744 0.06426387500141573
587776 0.11079337499904796
67584 0.059199230001468095
503808 0.08315060200038715
864256 0.07369814199955727
898048 0.06146077499943203
528384 0.062402405999819166
66560 0.037825433999387315
143360 0.07443435399909504
57344 0.046633518000817276
453632 0.09591182499934803
955392 0.09032541499982472
438272 0.2404826600013621
555008 0.08517452299929573
514048 0.09018306700090761
559104 0.07732406800096214
188416 0.06387558599999466
273408 0.07810004599923559
577536 0.08765456899891433
89088 0.06357514600131253
337920 0.0716930130001856
123904 0.07734589700157812
36864 0.043475161999595
266240 0.05615316999865172
129024 0.0746769060006045
999424 0.06409521199930168
153600 0.06688404499982425
719872 0.05891971900018689
419840 0.11412237100012135
70656 0.03506897700026457
386048 0.09244844199929503
970752 0.0699667019998742
186368 0.05611485600093147
474112 0.0719750070002192
210944 0.060092063000411144
411648 0.07299994400091236
674816 0.07856069999979809
782336 0.22391020100076275
893952 0.06760614899940265
105472 0.06585954000001948
1011712 0.0657182240011025
619520 0.09022713499871315
450560 0.08623908300069161
123904 0.06099793300018064
287744 0.09004118399934669
429056 0.0765296239987947
692224 0.1064695129989559
49152 0.035931550000896095
21504 0.0283963700003369
527360 0.06712708399936673
817152 0.0827051920005033
587776 0.05474270900049305
961536 0.07748852700024145
104448 0.08784676600043895
631808 0.05640300599952752
273408 0.19797337499949208
481280 0.11231552200115402
58368 0.04540563999944425
728064 0.060017492000042694
229376 0.09411697200084745
811008 0.07609576399954676
888832 0.07946142299988423
381952 0.08880757999941125
913408 0.11527268499958154
521216 0.0899050170010014
815104 0.049476139998660074
334848 0.07782073500129627
3072 0.023059744999045506
487424 0.10636783499830926
89088 0.06962672700137773
570368 0.09338730000126816
400384 0.055356352000671905
719872 0.08586037500026578
825344 0.08764985600100772
205824 0.08787571899847535
385024 0.11196963799920923
394240 0.05626916900109791
114688 0.05948753699885856
11264 0.029677406999326195
514048 0.06634807099908357
598016 0.0727606279997417
217088 0.07704212099997676
816128 0.07203311900047993
443392 0.06262855599925388
924672 0.05311220800103911
1009664 0.0738046900005429
741376 0.07237791300030949
557056 0.04970783200042206
984064 0.06593193099979544
931840 0.08057246699900134
77824 0.07691464500021539
564224 0.07576797399997304
576512 0.10012633899896173
353280 0.08102578400030325
646144 0.07650091299910855
887808 0.07725045999904978
817152 0.07799071799854573
647168 0.07490164800037746
390144 0.06060829200032458
999424 0.08206691499981389
939008 0.08489491799991811
886784 0.07803101900026377
482304 0.09344837399839889
721920 0.09277586800089921
241664 0.11955390499861096
1025024 0.07128215299962903
851968 0.06154830699961167
800768 0.10191933600071934
658432 0.07314632099951268
279552 0.0832253420012421
337920 0.07565516599970579
695296 0.09296011700098461
949248 0.09764629700111982
121856 0.07182655600081489
787456 0.0722353920009482
238592 0.07909708199986198
644096 0.1502462429998559
530432 0.11321673699967505
838656 0.22861655199994857
748544 0.29557921399828047
123904 0.08561729999928502
937984 0.09348014100032742
381952 0.06405846099914925
318464 0.09421915100028855
889856 0.09564013699855423
820224 0.08865725000032398
777216 0.09236945299926447
494592 0.09233262799898512
364544 0.1292845309999393
600064 0.0881913600005646
749568 0.05487721000099555
880640 0.1806063259991788
48128 0.04028813000149967
379904 0.0663320969997585
176128 0.07758639399980893
228352 0.058698520999314496
207872 0.08053789599944139
125952 0.08372216000134358
93184 0.07216066499859153
34816 0.03893466599947715
110592 0.08300731700001052
525312 0.08576816799904918
832512 0.08666194499892299
847872 0.0653673090000666
572416 0.06574451699998463
405504 0.09963664099996095
828416 0.08953802399992128
47104 0.04427488800138235
720896 0.09224268200159713
224256 0.05635646900009306
487424 0.07605076399886457
48128 0.08294930800002476
890880 0.056612227999721654
540672 0.05408191599963175
228352 0.09046564000163926
552960 0.09002175100067689
967680 0.09808886500104563
277504 0.1307080850001512
514048 0.06100182599948312
507904 0.0719332820008276
776192 0.0741547260004154
534528 0.10275351100062835
1021952 0.08957613799975661
156672 0.05702065900004527
24576 0.03496180100046331
899072 0.09572161200048868
356352 0.07907608999994409
963584 0.08187528700000257
9216 0.04599096099991584
251904 0.12470481200034556
1018880 0.10803570600000967
883712 0.10042570900077408
109568 0.10063700099999551
16384 0.04699889200128382
256000 0.1110299310003029
86016 0.11235893499906524
849920 0.06815144299980602
220160 0.07414583399986441
203776 0.07714919299905887
264192 0.07957511700078612
395264 0.07232022800053528
893952 0.08862086100089073
432128 0.07745068000076571
459776 0.05740443200011214
587776 0.05480401599925244
155648 0.05771672499940905
793600 0.09868161699887423
1045504 0.08795575500153063
1046528 0.09990336100054265
1040384 0.09690507099912793
594944 0.06756419100020139
101376 0.061542865998490015
508928 0.07765001799998572
540672 0.06790105000072799
444416 0.051995155999975395
1037312 0.07055401599973266
225280 0.08469129400145903
929792 0.08872694400088221
264192 0.06747441299921775
761856 0.07721598500029359
508928 0.11607721900145407
242688 0.19416810800066742
613376 0.05286156799957098
947200 0.05784471900005883
720896 0.06341998400057491
331776 0.07778292799957853
570368 0.05927442900065216
690176 0.07856554499994672
66560 0.06235387900051137
875520 0.08315815999958431
833536 0.07227525400048762
615424 0.07107641399852582
9216 0.02731192100145563
1039360 0.07126429299933079
141312 0.10667305000060878
1042432 0.06444319200090831
575488 0.06682875300066371
781312 0.19959274100074254
180224 0.08736108999983117
655360 0.08981499900073686
63488 0.05381846999989648
325632 0.07550646200070332
111616 0.07083967800099344
962560 0.07837451500017778
990208 0.08156302200040955
69632 0.03597701800026698
233472 0.08259467399875575
106496 0.06048422700041556
137216 0.09009117399909883
32768 0.027549189000637853
546816 0.06980064900017169
653312 0.06367158799912431
723968 0.07801591299903521
291840 0.09127170000101614
272384 0.09071067799959565
944128 0.11268116800056305
762880 0.057158694999088766
944128 0.062247042998933466
143360 0.07018515399977332
63488 0.03079484200134175
838656 0.08134345299913548
801792 0.06546363799861865
363520 0.09591079999881913
671744 0.09753014899979462
1033216 0.13284262000161107
238592 0.05471217299964337
960512 0.062108875001285924
455680 0.09377652900002431
552960 0.06728408100025263
225280 0.12420530499912275
518144 0.0862960579997889
280576 0.07216668799992476
196608 0.08466631299961591
599040 0.06450379799935035
36864 0.03421968899965577
706560 0.06129555799998343
834560 0.08332938799867406
595968 0.12386924900056329
969728 0.06516332300088834
15360 0.03714908800066041
915456 0.11023501700037741
379904 0.08939297399956558
851968 0.13016290700034006
968704 0.06168183800036786
310272 0.04522790499868279
81920 0.05807637599900772
387072 0.0680200770002557
801792 0.06954079600109253
751616 0.06626168299953861
928768 0.09677886799909174
976896 0.06796322499940288
454656 0.08553938300065056
325632 0.09863728700111096
38912 0.03833582799961732
543744 0.0638755330001004
644096 0.12429662399881636
798720 0.08135995199882018
229376 0.05212069899971539
702464 0.04794383300031768
145408 0.10472595100145554
9216 0.047571129998686956
41984 0.018144469999242574
135168 0.0751762410000083
558080 0.1718811620012275
375808 0.07592825900064781
997376 0.08434728400061431
275456 0.08947704099955445
159744 0.05293837200042617
463872 0.07450324199999159
189440 0.07492182799978764
319488 0.058840366000367794
112640 0.08560382499854313
565248 0.09856418600065808
38912 0.02195933799885097
894976 0.09082778499941924
436224 0.08862385999964317
933888 0.0781416990012076
975872 0.1216120540011616
608256 0.05875736900088668
360448 0.05842001699966204
330752 0.08946638599991275
784384 0.09548115299912752
684032 0.07596023699989018
530432 0.09239685600005032
802816 0.08543140300025698
700416 0.07900912600052834
392192 0.06511799599866208
194560 0.07594003600024735
933888 0.10168812399933813
334848 0.0759152129994618
588800 0.060050981999665964
49152 0.07396566299939877
80896 0.16577656299887167
764928 0.09172879800098599
545792 0.08858952700029477
902144 0.09318873299889674
595968 0.06325973099956173
86016 0.054290181999022025
220160 0.06276692100072978
529408 0.08800807800071198
673792 0.06725210000149673
797696 0.08449535200088576
994304 0.06661727700156916
151552 0.0814331849996961
420864 0.0975312020000274
421888 0.11412531899986789
76800 0.07198163300017768
530432 0.057758200000535
718848 0.06819595999877492
134144 0.13003070699960517
405504 0.08656651099954615
529408 0.07880501700128661
962560 0.08086737400117272
423936 0.07667147900065174
728064 0.10874449199945957
457728 0.08530790099939622
822272 0.08787059000133013
625664 0.4491320260003704
304128 0.13096697100081656
334848 0.07745479000004707
701440 0.10634797400052776
768000 0.07932885300033377
844800 0.0794219109993719
318464 0.09454685799937579
15360 0.029828554001142038
813056 0.1031618270008039
430080 0.07146044900036941
1038336 0.07645106000018131
689152 0.09410612399915408
837632 0.16005054400011431
785408 0.06043442999907711
345088 0.11105503500039049
406528 0.05105525100043451
450560 0.07006670699956885
267264 0.11052291900159616
153600 0.07056120800007193
7168 0.021191598001678358
699392 0.12784640199970454
274432 0.08124780900106998
700416 0.09965059400019527
33792 0.0943485560001136
1045504 0.10738159900029132
536576 0.09235910300049
152576 0.30219708799995715
662528 0.08310715699917637
622592 0.13237092700001085
872448 0.09800006200021016
830464 0.09150920299907739
617472 0.09625429600055213
1008640 0.09625821000008727
473088 0.07587727300051483
818176 0.13374631999977282
299008 0.10849340399909124
998400 0.057435124001131044
766976 0.08140884499880485
240640 0.08904578299916466
932864 0.101384613000846
764928 0.10985895399971923
543744 0.09655500400003802
27648 0.03723123999952804
229376 0.12279178700009652
472064 0.09147964700059674
685056 0.08251716599988868
544768 0.08388814700083458
193536 0.05872394300058659
385024 0.055198960999405244
71680 0.04098679299931973
12288 0.033200617999682436
286720 0.05659290400035388
72704 0.09123186100077874
3072 0.05239539800095372
310272 0.10578492700005881
745472 0.08634078999966732
284672 0.0933713340000395
931840 0.06198329600010766
849920 0.08346332499968412
781312 0.0883235280016379
412672 0.18784770199999912
707584 0.07833515600032115
8192 0.04825411300043925
104448 0.08026403599978948
737280 0.06128226399960113
722944 0.055389712999385665
610304 0.10266716600017389
88064 0.06432873899939295
228352 0.05414488899987191
44032 0.02849606100062374
346112 0.07376975800070795
260096 0.1292882620000455
496640 0.08786742199845321
894976 0.0650710820009408
29696 0.05621051299931423
589824 0.06003179999970598
396288 0.060122957000203314
182272 0.08200436199877004
761856 0.06654047899974103
1034240 0.08780175399988366
930816 0.08961485100007849
870400 0.06497188000139431
1009664 0.059178907999012154
594944 0.085520106000331
976896 0.25714674000118976
7168 0.023390734000713564
969728 0.059697968999898876
957440 0.08441618899996683
741376 0.20599094000135665
520192 0.09251891000167234
485376 0.12630225700013398
777216 0.10669117899851699
118784 0.08515690499916673
390144 0.09010968500115268
555008 0.07629363699925307
859136 0.0915542809998442
523264 0.07750611500159721
148480 0.058890050000627525
536576 0.08005654899898218
864256 0.09035150999989128
187392 0.07736973400096758
925696 0.07768645200121682
606208 0.05248359000142955
495616 0.07119804099966132
116736 0.09059719399920141
582656 0.12214751200008322
194560 0.07982786100001249
134144 0.06287523100036196
667648 0.07577420300003723
952320 0.05525995500101999
667648 0.0785824260001391
737280 0.10386440199908975
513024 0.07076297899948258
1041408 0.1196709939995344
958464 0.08243267199941329
436224 0.04830802899959963
56320 0.03944956700070179
149504 0.0966370870009996
66560 0.041455278000285034
561152 0.0793780619987956
65536 0.07167768200088176
199680 0.08511401000032492
805888 0.1345064020006248
274432 0.06567417699989164
678912 0.08746800199878635
368640 0.05308771199997864
604160 0.06168721599897253
717824 0.06147651800165477
612352 0.09721564400024363
962560 0.09576724799990188
1036288 0.07144163900011335
39936 0.11984305700025288
15360 0.05106893500123988
201728 0.08050048499899276
392192 0.05670861600083299
623616 0.17682702700039954
117760 0.08197397600088152
719872 0.06226997200064943
59392 0.024872337000488187
449536 0.07077344299977995
17408 0.0305273349986237
422912 0.09170852500028559
923648 0.0703441939986078
839680 0.054654880999805755
536576 0.08761002699975506
735232 0.05722666399924492
225280 0.08287455800018506
411648 0.04833002200030023
798720 0.0920229780003865
544768 0.08147359099893947
495616 0.10676511599922378
209920 0.07583985299970664
831488 0.07270205399981933
614400 0.11485052300122334
387072 0.05232955300016329
174080 0.08427249600026698
3072 0.03795311799876799
831488 0.053178004000074
751616 0.07325015400056145
629760 0.09385513000052015
179200 0.05491035399973043
247808 0.06091876800019236
20480 0.03783500200006529
372736 0.14199377300064953
310272 0.0502468399990903
173056 0.09266291299900331
397312 0.07879658799902245
118784 0.08446709800045937
94208 0.06778223699984665
